⁷9⁴ 111111 11111111 111

11111111 Com M 11111111 11 11111111111111,11111111111 ndu-1
Almonem«. 1111111111 111. 111111111111111111111111111111111·
11111111, 11 1111111111, 11 m 1111, 11111 11111111 11111 contingit,qu
proscribit, 11111111, cam 111111- 1111111111111 11 1111 11111111111111
1111 m, 1111111111 mensu· 111111 1111 1111111111 ’1111111 111·
m 1111111111, 1111111 111111 oo· 111 11111111, 0111111111 11111111·
mma. 1111111· 1111 111111 111 111111111 111 1111111111 1111111
1111111111 111111 1111 11111, 111 111111, 1111 1111111111111111 11111·
1111111 11111 11111111, 1111111111 111. 11111 1111111111 111111, 111
. 1111111111 11111 Aleum 11 111111 1111111111111111111111111111111

111111111111111111111111111111 111111 tntu 111111 1111111, 111 11

. 1111111111, 11111111 111111 1111 111- genta 1111111111 011111111111111

juguntur? mmmmm- 1111· 11111 111111111111111111, 1111-
1111111 mmmmm 1111111111 111111111111111111
mmm m [Μ’. 1111111 11111111111111111 111111,
quemi-mmm. 11111111. 11111 11111111111,1111111 111111

Noun 1111111111] 111111111111 111 1111111, 1111 111111 111 11
&adsummi-teduinum 11111111 11111111, 111 11 Phrygia
1111 111111 11 numm 11111111 1111111111111111111111111111111111
11 1111111111 111111111 11 111111, 11111 11111111111111111111111111
mjmu· 1111 1111111111, 11111 Ι111111111111111 1111111111] Pam
111111 1111111111 11111111 1111111· 1111111111 magnanime 11111111-
111. nm. 11111111] cadim 111 111111,11111 1111111111, qnod
11111. 11 Vm. 1111111111 11 11111 11 udat 1111111111, 1111 111111 111111
11 1111111111 1111111111 1111111111, ficem 111111 11111111 Amanus:
111111111111111111111.111111111111. 1111111111 1111111 111 0111111111
11111, 1111111 111 11111111 11111111· 111 ‘mma-nm& 111 111 111·
1111, 111 11111111 111111 1111 un 111111 11111111, 111. 1. um 1·-
1111111111. M 111μ11] 111 11111111 111111 11111-

§1² 1111114111811111111Λῆ· 11111111 1111111, 11111 1111111111
bmnium 1111111111 lunt 8111111, 111 1111111, 111 11111
1111111111. 11111111111111111111· 11141111111111* 111 (1111111 Sup-
11111 11111111 1111111 1111111111, 111) Μαι-1161111111. 11111111.
111 111111 11111 11111111 11111, 111. 111111 11111 1111111111111181111111
111111111111111111111 11111111111 11 1111111111 11111111 1. 111. 11111
11111111, 1111 (11111111111111111 1111 1111111111 11111111 1111111 111·
111111111 11111111 111 1111111111· 11111111111111111111111111111111·
1111. vido 11 1111111111 1111. 1. 11 11111111111111111111111111111111·
11111 11111111111111 Phrygum, 11111111 811111111111111. 1111111.
111111111111111111111111111 11- 11111 1111111111] 1111111111111
11111111111111111111111111. 1111111. 11111, 11111111 111 111111 1111 111.

Mum. 11] 11111 ut 1111 11111111111111,11111
”Um 0911111 01111111 ΝΜΟ· 11111111101111111111111111111111,
11· ⁸¹ um, mun. 11 1⁸· ‘ld 111 aarum 1 sung-num 111111,
Μ “3⁰⁰⁸ ΜΕ mum 0⁸⁸· 1111111111111111111111 111111 111-

*¹⁹¹⁸ (1⁸⁸³ mmmmm, ⁶⁸¹0· 111111111111111111111. 11101111.
Mfmmmwrin. 11111. 1111111,111111111,111111111
11111111111111111111111. 1111111111111 m pom,
Wfldfflmssvl’omd 8111- 11111111011111,1111.11111111111.
ΜΜΜΙΙ abtim) 111111· 1111111111. 1111111111111111111·

 

