1. 111111 1111 111. v. 111. 12. 1131

1111 1111111111 111 11111111 curtim, 1111111111111111111, 11111 1 11111
111 11111111111111111111 11111111 1111111 0111111111 11 1111111111·
1111111111111111111111111111111- 1111111111111111 11111111 111 pette-
111111111111111111111111111111111 11111111111111111111111111111111
111111 1111111111. 1111111 11111. 111111111111, 1111 111111 1111111111
11 1111111111 1111111111 1111 ’111111 prestabant. 8111 111111 111111 1111111.
111111111 111 11111 111111111111 111- Grvmio 011111. 11. 11.
11111111111111111111111111111111· 0111111111] matut 1111111111
1111111111111111111 11111 111 1111- · 11111111 111111, hoc, 11 111111. 11111111,
11111111111111111111111111111111 1111111111 1111 1111111111 ι8111111111
11111111111111 postulavit. 111011· pellibus vehiculum 11111111113111·
11111111111111111111111 11. 11. 1. 1111. 11111111111111111111111111111
111111111111111111111111111111111· 11111 puto 11 1111111111 1111111
11111, 111111111111111.ι 11111111. 11111111 1111111111. 011111111111·
111 11111111]Ρ111111111111111. 11111110111111, 111 11111111 111111
11111111111111111 11111111111 111111111111111111111 1111111111,
11111111111111 1111111111, 11111111 quod ‘cordidit 11111111 Μι-
11111111111111 1111111111111111111, 1111111111) luit-equidm 11111-
tutaminum„ m = budu‘entoetu’tmperioritu.
Eun-m] 111111111111111111 11111111111111111111111111. 111111

’ ἰ11μ11111111111ι1111111111111111 111111 1 1111111111111. Nm 11111·

11111111, 1111 11111111111111111111, 111111111111111111111,11111 111 111
111. 11111111111111111111111111 11111111,11111111111111111 ⁸8¹0·-
1111111111 111111111111. Non 11111,111111111111111111 11111.
1111111111111111,11111111111111111 flunt? Mem.

egebttmuit 11111 (1111111111. 11- 11111 Am 1111111111] [11101111
111 11. 1. 11.·1111111 11111 111111 11111111111111111111111,1111111111
11111111111111111111111111111. 111· 1. 11.1.1111111,111111111111111111
1111 111111 illut, 11111 extem ope, 11111111111111.10111111111111,11
11111111111111111111111111111111. Armene cyrum 11111111, 11111111
1111111 1111 1 111111111111111111111, 111111 111111 1111111111 ι1111111111
11111 1111111 ope 11111111,1.1.11 111111111111111,1111111,11111111111
11111 111111111111111111111111111 honori (1111111, turcl· 1111111 11 Vel·
11111111. m ,1111 1111111111 1111111. 81. 1. 111111. Pom. vide
1111111111111111111111111111111 111 111111 1111111111111111111111111111·
111111111111111111111111111111- 1111111111, 11 de 1111111 1111111111
1111111111, 111111 1111111 vidam 1111 Dionen 111. 1111. Sic 11111
11 111. ⁴ 01111 11 1111111 11111 1111111111. nvn. 111. Sapor Am·
111111111111111111111,11111- een *11111111 cutheni· 1111111111.
111111111111111111111.’ 0111111· 11111111111111111111111111 1111-
11111111111111111111 111111111111· 1111111111 1111111111 1111 1111111111,
111111111111111111111111. 111111111111,’ 111. 1111111111. dt
11111111 11111111, 11111111111111- 0111111111111111. 11. 1111111111ιά
111. sto Muttini, 111 1111111111· 1111111111 1111111111 Herodoti 111.
11111111. 1111111111 111111111111 11. ‘Apud 1111)·10111111111111111
1111111111. 11111111111.1.’1111111 vomunt-m 111 111111 11 copiosum,
1111 1111111111 111111 111111 11111- 11111111111111111111111111111,11
1111111111111111,11.1111111 pmi- 111111111111111111111,1111111111111·
111 11111 11111111111111 111111 1111 111111,111111 namatium) 01111
111111111111111111111111111111111· locun 111111111 11111 11 1111111111

 

